13599
Mower 100,49032,56,8539,9318
Mower 99,66791,78,3026,4328
Mower 98,68802,34,7310,7072
Mower 97,30805,71,367,9000
Mower 96,50525,19,6273,2299
Mower 95,81844,96,7841,1290
Mower 94,65628,97,2450,1535
Mower 93,12089,97,8356,5513
Mower 92,96041,13,2390,7316
Mower 91,22194,32,3621,9819
Mower 90,32650,27,3684,5320
Mower 89,61703,76,5573,3159
Mower 88,71707,60,5854,4124
Mower 87,62306,39,9642,9259
Mower 86,54762,99,8256,6281
Mower 85,62483,82,132,2644
Mower 84,4913,73,1016,8322
Mower 83,21117,49,5924,611
Mower 82,99079,76,450,9778
Mower 81,6433,69,3388,7393
Mower 80,45501,22,1720,6868
Mower 79,21003,69,2482,4307
Mower 78,68222,62,1035,4356
Mower 77,88314,51,6900,2906
Mower 76,70972,9,7671,4527
Mower 75,92430,93,2230,962
Mower 74,74720,97,4195,5522
Mower 73,31534,89,1180,6860
Mower 72,28103,69,4591,3311
Mower 71,6164,41,788,5286
Mower 70,16365,78,8885,9470
Mower 69,40504,85,5929,5248
Mower 68,357,4,9453,6257
Mower 67,78961,15,1930,9693
Mower 66,7617,68,8087,5615
Mower 65,59408,80,3581,7494
Mower 64,76888,73,1737,9765
Mower 63,12601,43,2971,7152
Mower 62,79107,51,3075,9792
Mower 61,85448,57,4389,5786
Mower 60,13355,50,7674,7704
Mower 59,38044,19,1855,7154
Mower 58,36587,16,2838,7148
Mower 57,54968,70,4468,1155
Mower 56,48986,96,3534,3660
Mower 55,31156,57,3799,8012
Mower 54,84463,77,5179,8836
Mower 53,8295,9,491,122
Mower 52,98227,51,9827,1477
Mower 51,18933,94,4375,2993
Mower 50,2038,13,1684,2289
Mower 49,25761,81,7319,3617
Mower 48,62293,16,8223,8673
Mower 47,63286,97,8582,3798
Mower 46,67546,26,9075,5091
Mower 45,22564,88,8099,8955
Mower 44,13444,92,529,5280
Mower 43,19325,50,9081,1731
Mower 42,20982,45,5890,2555
Mower 41,93658,9,4024,4664
Mower 40,98815,89,8380,4152
Mower 39,10545,73,1139,6978
Mower 38,76725,69,7036,6438
Mower 37,40754,99,6238,6374
Mower 36,55111,96,4488,8861
Mower 35,65342,14,3904,6059
Mower 34,71219,35,5372,6841
Mower 33,35212,54,1157,1749
Mower 32,85712,20,3893,4426
Mower 31,36889,71,8461,1274
Mower 30,37833,34,2958,3088
Mower 29,45038,30,955,4803
Mower 28,5716,81,9417,7496
Mower 27,24488,43,7846,2399
Mower 26,66433,19,5010,5537
Mower 25,69680,66,6621,738
Mower 24,21901,11,5616,1531
Mower 23,62189,19,8439,2165
Mower 22,65382,65,984,4195
Mower 21,33806,43,8243,9214
Mower 20,33423,7,4093,1810
Mower 19,69318,32,2207,5650
Mower 18,25993,86,5775,9908
Mower 17,43148,80,3503,8757
Mower 16,19180,34,749,3307
Mower 15,45776,97,6704,10069
Mower 14,79467,4,5405,2002
Mower 13,98879,69,3863,10000
Mower 12,63588,22,2843,4350
Mower 11,57425,24,7236,445
Mower 10,46435,81,8169,6319
Mower 9,16012,22,7761,6603
Mower 8,14955,57,5270,4278
Mower 7,97377,46,2066,7608
Mower 6,61190,78,6145,5604
Mower 5,94127,38,173,7877
Mower 4,51158,2,6643,3885
Mower 3,85364,8,2189,2168
Mower 2,1865,39,5712,7403
Mower 1,92564,44,1850,7592
