68705
Mower 100,40504,22,3555,2933
Mower 99,33822,66,7856,4632
Mower 98,58339,24,563,9523
Mower 97,4972,90,3381,1761
Mower 96,54910,81,4549,5
Mower 95,87589,69,3886,9149
Mower 94,13260,54,1543,1250
Mower 93,90953,94,2552,8708
Mower 92,7234,39,6398,3365
Mower 91,63023,15,1154,7210
Mower 90,71282,93,670,3843
Mower 89,58859,40,7504,3307
Mower 88,28931,99,5154,6627
Mower 87,88125,79,2278,4523
Mower 86,10732,93,8484,2502
Mower 85,12888,77,7466,5736
Mower 84,69650,65,7532,7080
Mower 83,16412,83,5807,2908
Mower 82,15414,72,5749,9533
Mower 81,34722,98,6441,5997
Mower 80,84990,77,3484,9069
Mower 79,4741,11,582,2933
Mower 78,78188,93,4916,4223
Mower 77,28791,45,4489,1760
Mower 76,69577,69,1049,3133
Mower 75,38086,99,7915,1208
Mower 74,37617,73,185,6662
Mower 73,55530,25,8361,7731
Mower 72,78682,43,10031,7933
Mower 71,82151,48,5468,5607
Mower 70,79287,39,10067,2015
Mower 69,4686,47,2777,5410
Mower 68,7164,73,3679,7965
Mower 67,54806,73,2097,7978
Mower 66,59555,61,4996,9410
Mower 65,57240,11,4473,8574
Mower 64,78472,87,1275,3344
Mower 63,43276,96,5718,2562
Mower 62,83580,49,6468,4964
Mower 61,30099,95,9172,3313
Mower 60,12080,77,6383,93
Mower 59,59028,6,1283,9254
Mower 58,57404,9,3572,7098
Mower 57,32165,56,3397,1676
Mower 56,29919,36,1623,8346
Mower 55,10187,36,2917,6231
Mower 54,7525,13,2203,1493
Mower 53,91946,58,1529,1467
Mower 52,65009,6,4946,9901
Mower 51,7130,79,1489,6329
Mower 50,12658,96,3714,37
Mower 49,86926,100,2772,512
Mower 48,42971,86,9960,6074
Mower 47,63968,23,353,6812
Mower 46,36432,9,1379,801
Mower 45,61471,91,8068,5576
Mower 44,19538,48,1380,7638
Mower 43,49956,5,1309,9186
Mower 42,96592,31,4178,6533
Mower 41,8233,18,5728,8987
Mower 40,98251,95,2009,7206
Mower 39,19144,92,3993,6414
Mower 38,15352,46,5592,8822
Mower 37,3446,78,8297,2451
Mower 36,62432,8,100,4426
Mower 35,94129,27,1982,9006
Mower 34,57854,99,6934,3545
Mower 33,45801,32,5555,7264
Mower 32,2200,22,5055,6623
Mower 31,4966,56,3877,984
Mower 30,16568,38,2919,2509
Mower 29,45796,21,3261,4247
Mower 28,17292,31,995,7780
Mower 27,21364,57,1724,2837
Mower 26,27891,99,2816,3414
Mower 25,63257,56,5993,8633
Mower 24,48710,82,6919,7184
Mower 23,59633,45,9592,9186
Mower 22,11913,51,1499,727
Mower 21,63490,95,186,7378
Mower 20,92524,20,5313,3523
Mower 19,36017,55,7878,9678
Mower 18,23668,3,1135,1233
Mower 17,41216,50,7835,9281
Mower 16,37854,6,4391,1101
Mower 15,12354,56,9651,746
Mower 14,33185,78,646,3715
Mower 13,43522,8,8712,6360
Mower 12,89964,71,5675,877
Mower 11,18189,17,1665,803
Mower 10,97189,33,6693,7095
Mower 9,58946,89,7691,1787
Mower 8,25710,31,9295,1994
Mower 7,52122,77,7260,3028
Mower 6,13636,42,1052,222
Mower 5,59190,99,2497,8726
Mower 4,63864,9,6682,232
Mower 3,44256,43,3584,4267
Mower 2,87683,51,5330,4460
Mower 1,91390,19,3192,4281
