89932
Mower 100,63000,70,6880,3522
Mower 99,73972,26,442,9778
Mower 98,33775,89,9980,2975
Mower 97,77418,13,2330,1055
Mower 96,81262,76,509,4718
Mower 95,34700,88,6439,4446
Mower 94,72378,6,5845,6499
Mower 93,60070,42,3911,5412
Mower 92,45084,84,1176,7978
Mower 91,7741,75,1044,4183
Mower 90,73471,68,576,2266
Mower 89,7505,17,9172,2352
Mower 88,286,16,1576,5009
Mower 87,59589,31,7685,1111
Mower 86,85354,27,257,8116
Mower 85,72326,27,6756,9672
Mower 84,80207,89,8827,9620
Mower 83,29107,68,8440,3592
Mower 82,58190,3,4264,2612
Mower 81,57468,71,3525,9592
Mower 80,14212,76,396,4588
Mower 79,18483,81,713,883
Mower 78,17220,4,7111,6834
Mower 77,78553,40,7373,3723
Mower 76,84307,92,6888,8692
Mower 75,26869,57,5487,7265
Mower 74,73737,74,1465,9669
Mower 73,45335,42,4625,8383
Mower 72,97068,98,5014,5039
Mower 71,50492,48,512,3240
Mower 70,77961,87,4884,1381
Mower 69,56042,4,2034,3145
Mower 68,96523,15,3670,6312
Mower 67,96228,32,9858,5377
Mower 66,48376,33,3763,2278
Mower 65,47931,24,3333,300
Mower 64,25847,41,7893,6348
Mower 63,6316,5,4774,6741
Mower 62,10454,31,1008,7716
Mower 61,70646,82,8557,520
Mower 60,1002,10,7666,8463
Mower 59,48189,84,1957,2224
Mower 58,68774,98,928,7679
Mower 57,7758,58,3076,2399
Mower 56,25083,5,3132,7175
Mower 55,82351,97,1103,2575
Mower 54,85769,55,1869,708
Mower 53,31157,54,4421,5307
Mower 52,67385,61,9457,5924
Mower 51,39931,37,9102,4926
Mower 50,70075,87,6762,8954
Mower 49,73172,68,4917,5967
Mower 48,31252,22,4825,7763
Mower 47,75147,63,2770,1562
Mower 46,56748,64,10074,4357
Mower 45,15266,57,3193,6545
Mower 44,72001,86,9617,2681
Mower 43,80440,55,463,345
Mower 42,57225,99,6640,9947
Mower 41,76436,19,7200,4402
Mower 40,34201,75,4738,2754
Mower 39,11049,88,7703,7957
Mower 38,9573,30,4136,3830
Mower 37,72413,94,3456,3200
Mower 36,70650,100,2953,4508
Mower 35,11467,98,1358,1395
Mower 34,7342,18,4485,9135
Mower 33,83171,36,6622,3050
Mower 32,67361,51,4050,9378
Mower 31,54481,79,1093,9068
Mower 30,85182,16,6809,9417
Mower 29,59915,13,2066,7592
Mower 28,39033,70,7086,3855
Mower 27,15415,30,2647,7060
Mower 26,23985,34,3670,3979
Mower 25,51565,52,7111,4983
Mower 24,18206,87,254,2542
Mower 23,17894,48,8759,4127
Mower 22,90963,28,1048,7378
Mower 21,64711,31,9961,10027
Mower 20,21712,48,8895,5298
Mower 19,2704,14,4543,2418
Mower 18,33260,63,524,4991
Mower 17,20400,11,276,1313
Mower 16,61248,90,4549,8684
Mower 15,27733,61,9501,9905
Mower 14,68937,80,867,3413
Mower 13,56354,21,7346,9998
Mower 12,29603,79,442,4115
Mower 11,16264,98,685,8163
Mower 10,99860,97,3164,6116
Mower 9,10189,77,9918,4653
Mower 8,2203,3,6871,3574
Mower 7,37535,68,4704,3217
Mower 6,14730,60,479,6957
Mower 5,81323,63,453,8971
Mower 4,37781,1,9573,5821
Mower 3,10133,16,476,1017
Mower 2,58518,22,651,997
Mower 1,57319,39,311,6515
