52932
Mower 100,57631,98,8035,1102
Mower 99,39061,52,6666,7685
Mower 98,85927,4,5413,99
Mower 97,40017,3,8137,6445
Mower 96,77527,17,7176,8762
Mower 95,277,13,8766,7952
Mower 94,7282,4,6749,3549
Mower 93,49950,73,8190,5292
Mower 92,26671,54,1578,4808
Mower 91,6944,25,1694,621
Mower 90,96777,63,2503,2970
Mower 89,50555,24,456,6727
Mower 88,61785,68,5536,2350
Mower 87,68807,47,4870,5712
Mower 86,41918,1,8231,5910
Mower 85,47504,69,5979,3388
Mower 84,89461,65,8777,9858
Mower 83,86870,45,4385,4371
Mower 82,42202,82,3669,3596
Mower 81,45775,74,1251,9352
Mower 80,5387,30,3728,8898
Mower 79,10993,94,1983,242
Mower 78,62213,51,4223,4685
Mower 77,19863,85,9930,4159
Mower 76,75806,35,675,2294
Mower 75,62274,16,9361,4062
Mower 74,90566,8,9566,4299
Mower 73,30646,23,7900,7034
Mower 72,78873,61,9693,1961
Mower 71,33427,80,5249,3983
Mower 70,37067,58,7579,9888
Mower 69,19203,27,56,6414
Mower 68,14018,72,6804,5876
Mower 67,97741,14,855,1300
Mower 66,68048,41,6559,5809
Mower 65,55034,19,8693,6346
Mower 64,3310,68,4424,7847
Mower 63,32554,73,8110,6456
Mower 62,76801,48,8143,1178
Mower 61,65850,45,707,963
Mower 60,2464,26,2925,3855
Mower 59,2296,88,2016,5198
Mower 58,61708,99,326,7787
Mower 57,97132,30,345,1610
Mower 56,17498,86,3095,4353
Mower 55,99067,1,648,7201
Mower 54,48052,49,4457,405
Mower 53,48380,24,527,9028
Mower 52,42195,79,8247,582
Mower 51,7733,15,9126,1736
Mower 50,73937,70,7065,630
Mower 49,60853,55,4203,7755
Mower 48,59209,54,4412,7415
Mower 47,80844,28,7135,5471
Mower 46,31390,94,8918,796
Mower 45,1307,86,3771,5912
Mower 44,75616,94,9563,7080
Mower 43,81077,82,7704,1975
Mower 42,850,64,267,3756
Mower 41,89754,88,530,4933
Mower 40,21750,37,6306,8214
Mower 39,80389,3,159,3372
Mower 38,5162,99,5004,3242
Mower 37,68988,2,5109,4007
Mower 36,11093,80,7539,9076
Mower 35,45987,11,9231,7175
Mower 34,15491,64,2717,1206
Mower 33,65510,84,43,7181
Mower 32,37691,29,1147,4879
Mower 31,14514,65,8585,8314
Mower 30,28883,62,8094,9607
Mower 29,55592,9,8962,3283
Mower 28,56516,84,9625,3143
Mower 27,86267,86,3950,1714
Mower 26,45199,42,3494,3403
Mower 25,7930,95,9412,2787
Mower 24,15762,8,5191,6872
Mower 23,34877,5,6044,9781
Mower 22,18145,79,2997,9103
Mower 21,1391,29,1545,517
Mower 20,87489,56,4281,4687
Mower 19,94408,27,1556,50
Mower 18,12822,39,3376,6136
Mower 17,51519,51,3279,4751
Mower 16,40456,4,1401,4320
Mower 15,32903,33,1594,1010
Mower 14,19607,9,7455,6199
Mower 13,22644,23,9211,7281
Mower 12,23878,24,8402,7544
Mower 11,55402,82,4553,8691
Mower 10,5850,76,1075,1625
Mower 9,12618,29,5414,6659
Mower 8,42174,29,7559,6190
Mower 7,14279,33,2630,7098
Mower 6,33837,74,2738,9514
Mower 5,11902,8,1247,9682
Mower 4,54060,52,6993,7363
Mower 3,76489,69,6741,6622
Mower 2,39044,1,5942,5209
Mower 1,61556,47,4528,2735
