55471
Mower 100,20,61,3514,4555
Mower 99,90348,53,2401,7611
Mower 98,30475,9,7270,7586
Mower 97,76181,27,7967,5535
Mower 96,47360,17,3147,7849
Mower 95,58231,50,8612,5749
Mower 94,51845,88,223,9778
Mower 93,2053,94,5864,9828
Mower 92,72052,42,2620,4103
Mower 91,3577,65,3799,5772
Mower 90,3581,12,5007,5430
Mower 89,53467,23,7498,5388
Mower 88,59246,94,1915,7639
Mower 87,32158,93,3817,9655
Mower 86,2376,13,8848,4628
Mower 85,85268,99,5991,2156
Mower 84,68679,47,648,9803
Mower 83,81081,80,1232,8282
Mower 82,23739,75,24,649
Mower 81,47062,45,6117,1030
Mower 80,64966,33,2163,9514
Mower 79,24822,62,3246,5213
Mower 78,29342,88,9083,5518
Mower 77,3478,81,3703,2285
Mower 76,31799,36,1739,1158
Mower 75,50765,9,5577,8049
Mower 74,10244,89,2357,2952
Mower 73,64000,19,8734,7412
Mower 72,1,13,9153,530
Mower 71,62525,60,8676,1625
Mower 70,16897,97,7032,4194
Mower 69,93935,25,6568,7879
Mower 68,26311,31,6730,9937
Mower 67,33659,24,8257,7126
Mower 66,58383,72,8804,6715
Mower 65,99089,51,2427,9488
Mower 64,4256,94,3377,1834
Mower 63,96859,76,6847,9681
Mower 62,46941,68,7589,7979
Mower 61,36816,14,3536,4272
Mower 60,73768,46,8422,2730
Mower 59,25486,17,5513,7108
Mower 58,22358,43,3149,2875
Mower 57,54643,54,2669,48
Mower 56,21832,91,2585,8195
Mower 55,96932,67,8909,6472
Mower 54,36550,9,2577,246
Mower 53,43243,92,3645,1935
Mower 52,40657,9,3219,3970
Mower 51,20811,5,3200,6753
Mower 50,66553,73,2315,6450
Mower 49,18476,88,7324,5184
Mower 48,25173,50,5364,3975
Mower 47,19186,39,3918,9952
Mower 46,59018,63,10010,548
Mower 45,9914,43,7515,4962
Mower 44,24339,44,3205,677
Mower 43,705,97,4972,2520
Mower 42,62454,46,1460,9870
Mower 41,6803,44,4400,1382
Mower 40,56494,29,1050,5710
Mower 39,53930,9,8629,7478
Mower 38,76548,84,6817,1022
Mower 37,96582,51,6678,5442
Mower 36,53020,8,6650,9281
Mower 35,68806,61,6168,4298
Mower 34,76432,88,7716,1897
Mower 33,75667,49,8807,127
Mower 32,25215,77,3501,9958
Mower 31,88079,26,5268,9393
Mower 30,81597,91,1935,422
Mower 29,16237,54,2915,2961
Mower 28,70649,26,5406,8527
Mower 27,67770,88,4274,3046
Mower 26,35898,16,4733,7519
Mower 25,41159,24,2841,3011
Mower 24,30211,70,355,8239
Mower 23,41310,71,5673,4686
Mower 22,13012,35,3413,6151
Mower 21,27394,38,2167,3985
Mower 20,13018,64,5684,5372
Mower 19,10686,24,1801,3566
Mower 18,22945,91,8737,8668
Mower 17,18631,3,9847,9632
Mower 16,76698,80,5140,8523
Mower 15,75018,10,1464,6834
Mower 14,9190,38,2580,5900
Mower 13,99432,17,8417,6901
Mower 12,64669,2,3795,545
Mower 11,1261,48,1846,9294
Mower 10,32984,13,340,7109
Mower 9,81183,52,4115,4356
Mower 8,53602,88,8441,9126
Mower 7,29638,59,1386,1952
Mower 6,11504,66,4462,4082
Mower 5,20935,55,8068,9589
Mower 4,12751,43,6894,6516
Mower 3,13827,36,9812,456
Mower 2,97716,9,231,9203
Mower 1,2768,94,6085,4280
