60022
Mower 100,45599,63,6761,6450
Mower 99,43363,97,5429,2536
Mower 98,90074,6,8326,2595
Mower 97,64529,50,5380,6510
Mower 96,65657,46,1198,4162
Mower 95,91252,54,3449,9286
Mower 94,82919,59,581,1805
Mower 93,98355,67,1905,10061
Mower 92,4700,97,6823,1986
Mower 91,60687,59,1851,9954
Mower 90,3332,80,9929,4825
Mower 89,15241,61,3938,4746
Mower 88,60901,33,583,3942
Mower 87,75188,36,6448,5961
Mower 86,79239,52,7651,5589
Mower 85,83549,8,7029,8703
Mower 84,16285,54,3987,581
Mower 83,38413,97,9589,1746
Mower 82,40784,95,1582,3421
Mower 81,18187,3,4777,5768
Mower 80,26506,89,5578,1955
Mower 79,83245,24,9363,9082
Mower 78,35910,87,5482,2971
Mower 77,87569,73,7811,472
Mower 76,44979,97,6223,135
Mower 75,21224,4,1026,7637
Mower 74,28190,2,9610,10042
Mower 73,81246,42,5883,369
Mower 72,15989,58,951,9201
Mower 71,16498,7,1431,9753
Mower 70,39635,2,8682,7851
Mower 69,72595,11,7714,3105
Mower 68,22949,33,7884,4650
Mower 67,91189,39,8873,6445
Mower 66,34548,16,8789,5740
Mower 65,88291,54,5701,9091
Mower 64,24369,13,9460,2824
Mower 63,27723,4,5464,60
Mower 62,79287,6,9414,825
Mower 61,42621,4,6772,165
Mower 60,72182,61,8336,4538
Mower 59,94698,19,213,1810
Mower 58,60871,24,6232,5364
Mower 57,54983,56,6933,2108
Mower 56,1395,13,5508,9007
Mower 55,38663,24,9846,3211
Mower 54,12285,98,889,5504
Mower 53,16438,5,8720,5066
Mower 52,64985,20,2566,3679
Mower 51,63252,35,8152,40
Mower 50,30781,45,8706,6836
Mower 49,37131,37,7836,1088
Mower 48,69736,35,1963,7966
Mower 47,72818,27,9053,946
Mower 46,8915,15,7715,5282
Mower 45,86054,7,4676,6954
Mower 44,68071,71,1204,2252
Mower 43,43984,84,8363,5836
Mower 42,12835,69,6275,9215
Mower 41,88147,37,4573,4360
Mower 40,48278,21,4433,7200
Mower 39,32731,99,6826,5840
Mower 38,35294,98,8197,3887
Mower 37,71302,89,1656,829
Mower 36,53249,100,3859,4435
Mower 35,40569,100,8882,3876
Mower 34,47510,90,9915,7852
Mower 33,62575,98,2454,8332
Mower 32,7432,2,7782,5353
Mower 31,78516,100,7996,9002
Mower 30,13227,38,6439,4304
Mower 29,29267,71,1720,4743
Mower 28,26620,6,4279,2450
Mower 27,31126,48,5992,7813
Mower 26,41666,19,4993,8529
Mower 25,88681,34,8058,6495
Mower 24,10364,17,2772,5143
Mower 23,34033,98,7769,6613
Mower 22,3829,76,10055,2065
Mower 21,41243,74,5986,4793
Mower 20,57918,45,5402,7848
Mower 19,81446,53,3503,7753
Mower 18,92418,19,6401,5047
Mower 17,5833,83,733,7241
Mower 16,76352,48,8427,3952
Mower 15,73578,19,247,8577
Mower 14,20984,87,2189,4495
Mower 13,89827,32,3202,345
Mower 12,52207,48,4770,362
Mower 11,21539,73,5703,360
Mower 10,75541,72,5945,5933
Mower 9,81705,65,3394,2549
Mower 8,63238,43,7624,7573
Mower 7,15870,69,6509,4648
Mower 6,63157,55,9784,6921
Mower 5,55232,54,8060,7251
Mower 4,7475,70,4042,6250
Mower 3,40407,61,482,1177
Mower 2,20499,57,1692,7506
Mower 1,37805,58,9730,6758
