40203
Mower 100,13738,86,3470,5880
Mower 99,72920,19,8254,6763
Mower 98,11475,42,4631,3706
Mower 97,93487,75,9946,8590
Mower 96,53071,35,7789,4943
Mower 95,12164,65,3639,9025
Mower 94,38440,47,8784,2597
Mower 93,22931,59,9995,4594
Mower 92,76716,72,8157,8248
Mower 91,99505,56,5170,5356
Mower 90,26669,2,1932,2870
Mower 89,38571,81,8837,5140
Mower 88,39536,73,5948,1309
Mower 87,31784,17,9876,2497
Mower 86,65787,59,7363,4635
Mower 85,38769,18,6239,8941
Mower 84,30296,74,7020,9013
Mower 83,84103,9,765,4134
Mower 82,15293,46,4735,3126
Mower 81,53297,71,238,6974
Mower 80,24555,92,1444,1677
Mower 79,95611,29,9171,5319
Mower 78,41437,78,2008,4531
Mower 77,45703,2,2786,1050
Mower 76,48622,98,7352,1048
Mower 75,24945,18,4474,4368
Mower 74,95263,56,7593,7114
Mower 73,32182,43,9175,9408
Mower 72,1555,46,4484,16
Mower 71,65573,90,207,4253
Mower 70,14224,75,5648,4545
Mower 69,14186,43,1279,5914
Mower 68,66324,71,820,8339
Mower 67,50041,96,1675,2945
Mower 66,86748,2,6879,7422
Mower 65,72767,84,280,113
Mower 64,54886,84,6502,8800
Mower 63,68963,42,2324,7310
Mower 62,79237,19,3264,4082
Mower 61,20750,51,9587,4850
Mower 60,1198,54,3450,7117
Mower 59,11939,43,9233,794
Mower 58,32032,17,7338,6180
Mower 57,78405,96,2419,9597
Mower 56,54832,7,9978,9714
Mower 55,89939,74,563,1749
Mower 54,40138,67,5379,8690
Mower 53,84987,13,2232,4865
Mower 52,20695,1,8092,8826
Mower 51,68638,77,8399,7668
Mower 50,82173,90,735,1606
Mower 49,17501,14,9092,2868
Mower 48,2981,19,2873,6502
Mower 47,87865,36,376,5134
Mower 46,18556,14,1801,651
Mower 45,89820,81,3440,6810
Mower 44,35237,41,4861,4424
Mower 43,33478,63,4583,5481
Mower 42,98293,45,9744,804
Mower 41,38957,62,1358,9413
Mower 40,17380,3,10015,6897
Mower 39,26024,59,5729,7423
Mower 38,68802,100,873,9475
Mower 37,26874,83,6590,9563
Mower 36,22432,29,2073,9088
Mower 35,88058,83,9176,2942
Mower 34,50703,100,5570,6995
Mower 33,74635,46,9470,626
Mower 32,10747,15,6108,6040
Mower 31,98520,38,93,1437
Mower 30,51152,56,9690,2247
Mower 29,86907,66,7471,7369
Mower 28,16650,56,6593,3811
Mower 27,6524,56,8844,171
Mower 26,59801,7,5598,9757
Mower 25,28403,13,4671,8591
Mower 24,87546,12,8854,3361
Mower 23,59084,78,1088,4837
Mower 22,41093,67,8801,8834
Mower 21,26967,46,6579,4917
Mower 20,61948,72,5149,4828
Mower 19,38300,54,1340,234
Mower 18,76165,19,7355,2257
Mower 17,50904,49,104,7548
Mower 16,82677,54,3215,4695
Mower 15,65828,60,7598,6970
Mower 14,208,89,514,899
Mower 13,98154,56,8375,117
Mower 12,68358,96,3148,4399
Mower 11,73411,76,2158,3637
Mower 10,72929,74,3315,4462
Mower 9,24891,79,340,8997
Mower 8,50293,68,1914,7569
Mower 7,75206,7,667,5789
Mower 6,86646,32,1272,4386
Mower 5,12039,49,1720,724
Mower 4,85040,40,3318,1718
Mower 3,16969,1,1510,798
Mower 2,46464,54,3125,427
Mower 1,25966,68,995,6448
