20782
Mower 100,88285,40,4238,49
Mower 99,78112,84,7530,3887
Mower 98,24719,91,2774,4264
Mower 97,52688,80,7316,6484
Mower 96,12178,34,7717,972
Mower 95,81744,51,3277,2628
Mower 94,6470,24,1883,8660
Mower 93,90800,39,8649,3659
Mower 92,34340,79,3779,7839
Mower 91,34796,15,1905,9241
Mower 90,83279,84,2061,2387
Mower 89,29956,9,647,5408
Mower 88,32529,90,2490,1441
Mower 87,30422,24,6962,1469
Mower 86,72913,99,2261,1599
Mower 85,86266,42,1322,5027
Mower 84,28937,9,547,5961
Mower 83,43680,10,7098,5491
Mower 82,49148,36,5709,4706
Mower 81,5990,78,8801,7440
Mower 80,10637,3,1884,3017
Mower 79,12823,17,7253,8352
Mower 78,20060,22,1904,7377
Mower 77,4779,84,8707,3990
Mower 76,64924,95,7959,9850
Mower 75,14879,69,6784,2887
Mower 74,30557,91,1683,6291
Mower 73,65588,6,2537,2540
Mower 72,69579,19,2676,2025
Mower 71,94446,65,8021,1885
Mower 70,69140,28,8412,6226
Mower 69,18007,59,7215,4364
Mower 68,56722,68,7996,3542
Mower 67,28150,19,9411,2484
Mower 66,78962,47,10057,634
Mower 65,74569,74,6710,1734
Mower 64,54938,64,6896,8540
Mower 63,63928,18,9759,2799
Mower 62,13499,33,4989,5805
Mower 61,75950,58,221,8643
Mower 60,78312,71,9908,8170
Mower 59,76813,37,9709,3632
Mower 58,21097,61,9379,2817
Mower 57,30101,92,4311,5142
Mower 56,49815,37,171,7274
Mower 55,88445,22,7288,6304
Mower 54,53200,72,6447,4992
Mower 53,36618,50,2409,7198
Mower 52,20944,23,1604,26
Mower 51,35966,46,2611,1419
Mower 50,15561,88,6113,3862
Mower 49,65267,16,4009,7533
Mower 48,57995,39,4417,1404
Mower 47,77004,2,5020,8094
Mower 46,27348,54,3728,2398
Mower 45,34356,79,9589,3169
Mower 44,64609,71,527,2608
Mower 43,7690,60,3906,7187
Mower 42,48804,29,7937,2164
Mower 41,92787,20,9245,8887
Mower 40,91587,45,9877,4792
Mower 39,50350,6,3846,6070
Mower 38,9189,94,3802,1967
Mower 37,65492,91,5632,5178
Mower 36,64560,13,2604,4535
Mower 35,26840,4,6030,9952
Mower 34,32050,11,8216,7384
Mower 33,21861,34,7613,8122
Mower 32,70451,13,3368,8118
Mower 31,14948,15,3235,3420
Mower 30,79845,66,3809,7625
Mower 29,41498,55,5507,612
Mower 28,78101,71,8516,7328
Mower 27,59967,16,4795,9539
Mower 26,30609,29,726,4760
Mower 25,63629,22,458,7716
Mower 24,49105,23,3972,3934
Mower 23,52866,98,6379,2916
Mower 22,43404,35,6295,7683
Mower 21,71990,58,2548,29
Mower 20,71931,11,6911,6542
Mower 19,71053,100,1618,2760
Mower 18,88982,26,1827,9817
Mower 17,54533,57,4220,8517
Mower 16,40544,33,3047,7665
Mower 15,88170,88,8079,1480
Mower 14,49773,6,10027,1623
Mower 13,99380,60,2765,2569
Mower 12,92332,97,2752,9575
Mower 11,82286,52,7295,2124
Mower 10,96487,23,8864,468
Mower 9,25232,37,7272,4125
Mower 8,99552,98,2040,6404
Mower 7,21626,70,8200,2926
Mower 6,59383,68,5702,3076
Mower 5,96335,13,3226,4678
Mower 4,46849,30,574,1778
Mower 3,13542,8,9116,5876
Mower 2,86918,52,2634,314
Mower 1,85664,8,6127,5975
