67630
Mower 100,16459,35,874,7898
Mower 99,95270,7,8570,5892
Mower 98,55158,75,8794,2053
Mower 97,96164,98,9391,2507
Mower 96,67031,8,6257,6606
Mower 95,63001,20,5232,4212
Mower 94,50128,10,1418,2462
Mower 93,65959,98,9158,2381
Mower 92,77463,47,5920,4201
Mower 91,92709,85,6804,4717
Mower 90,88486,77,537,3958
Mower 89,83414,74,3771,3045
Mower 88,89936,59,5452,9056
Mower 87,67235,54,2333,142
Mower 86,34736,95,3512,9875
Mower 85,86784,81,157,5693
Mower 84,19002,29,2944,7019
Mower 83,39780,79,3906,9322
Mower 82,8737,21,2234,4099
Mower 81,31013,57,1419,9032
Mower 80,35042,13,5942,5140
Mower 79,67469,12,5347,1111
Mower 78,98125,45,3371,3031
Mower 77,67912,78,9743,1421
Mower 76,88277,93,1788,4694
Mower 75,8677,1,5740,2156
Mower 74,35213,54,5760,368
Mower 73,12807,27,6211,8732
Mower 72,5974,1,301,42
Mower 71,14830,27,8460,5169
Mower 70,70468,53,2917,2052
Mower 69,84284,70,355,3525
Mower 68,88730,100,6767,5775
Mower 67,71496,47,2225,8414
Mower 66,66747,17,7379,9071
Mower 65,12592,100,8776,9229
Mower 64,51147,48,8874,884
Mower 63,61374,94,4040,4033
Mower 62,46522,74,15,1395
Mower 61,15148,81,6337,5301
Mower 60,93004,30,9962,2773
Mower 59,96087,62,5645,9132
Mower 58,81385,88,5285,9008
Mower 57,37466,14,4163,169
Mower 56,38441,27,2422,6601
Mower 55,74788,13,9983,7904
Mower 54,7680,16,6777,2686
Mower 53,94975,55,5393,964
Mower 52,3673,57,7671,1386
Mower 51,12897,45,9811,3239
Mower 50,17866,14,9256,4234
Mower 49,34243,23,7030,7885
Mower 48,29029,12,7913,4156
Mower 47,6914,84,1487,9050
Mower 46,87444,61,2675,6217
Mower 45,79463,84,5091,5888
Mower 44,60553,9,717,2761
Mower 43,29449,84,2837,146
Mower 42,21365,77,5145,1519
Mower 41,87855,4,3521,8804
Mower 40,75541,94,7374,4734
Mower 39,48056,68,7460,5280
Mower 38,94664,60,9431,4038
Mower 37,24619,78,4731,233
Mower 36,69216,32,5922,3253
Mower 35,44477,41,8067,6522
Mower 34,32540,16,6317,1502
Mower 33,81463,39,2015,899
Mower 32,1730,50,2669,9600
Mower 31,26332,76,9302,10062
Mower 30,17550,38,9524,4950
Mower 29,81566,35,7092,6652
Mower 28,57362,92,9491,9818
Mower 27,81209,36,7906,6160
Mower 26,84365,24,5912,3093
Mower 25,71515,42,2596,5847
Mower 24,45838,80,9704,3512
Mower 23,39538,50,9225,8572
Mower 22,69077,31,8814,6503
Mower 21,24904,64,3942,6021
Mower 20,65071,23,8666,9957
Mower 19,77070,97,2871,1106
Mower 18,46399,25,2195,3449
Mower 17,20045,34,2179,3624
Mower 16,95636,23,5408,764
Mower 15,11926,32,6095,8718
Mower 14,53309,38,4528,784
Mower 13,40587,64,1256,5846
Mower 12,14765,33,6218,5481
Mower 11,45025,46,5650,1173
Mower 10,14224,13,7800,6159
Mower 9,81553,79,5426,1663
Mower 8,28801,23,574,4450
Mower 7,1465,12,6928,888
Mower 6,48313,85,8393,7251
Mower 5,75624,4,770,8913
Mower 4,88529,23,299,2527
Mower 3,55916,28,9279,777
Mower 2,21777,38,8434,9443
Mower 1,94320,69,1595,8381
