82939
Mower 100,71510,83,4250,6892
Mower 99,27858,44,3605,8413
Mower 98,4336,46,2413,125
Mower 97,89058,20,9407,4422
Mower 96,49158,95,3944,15
Mower 95,86047,52,7317,7545
Mower 94,27901,96,7829,4008
Mower 93,67501,22,9958,6516
Mower 92,45494,85,529,5081
Mower 91,50751,70,4300,6732
Mower 90,46610,64,2572,3617
Mower 89,84854,33,7838,3056
Mower 88,54194,6,1545,447
Mower 87,75162,7,7906,8465
Mower 86,19307,96,4237,8943
Mower 85,63613,84,7243,2619
Mower 84,92995,48,902,5021
Mower 83,38669,38,4243,7983
Mower 82,13573,18,4083,3287
Mower 81,72970,66,6329,4058
Mower 80,35107,34,9100,7635
Mower 79,28628,74,9992,2068
Mower 78,96659,48,8770,4128
Mower 77,41538,40,2216,2818
Mower 76,99598,50,3980,3391
Mower 75,86179,13,8402,4281
Mower 74,89065,99,6928,1236
Mower 73,90635,29,1641,6321
Mower 72,72510,77,4584,8677
Mower 71,1746,62,875,7511
Mower 70,87094,71,2850,7913
Mower 69,11515,19,5750,4158
Mower 68,85994,70,6038,7604
Mower 67,37200,16,2174,6177
Mower 66,3118,10,1256,4107
Mower 65,54138,70,7443,7839
Mower 64,24949,48,2274,3929
Mower 63,60153,81,4077,4822
Mower 62,27065,53,705,6452
Mower 61,482,65,285,9327
Mower 60,10269,82,688,5060
Mower 59,33086,24,7707,5080
Mower 58,11421,15,2233,1500
Mower 57,51056,43,2960,1724
Mower 56,87653,50,8359,5548
Mower 55,75245,58,3497,1991
Mower 54,15102,54,5981,3704
Mower 53,32925,93,1797,9641
Mower 52,18965,1,791,1618
Mower 51,2492,19,2401,934
Mower 50,14614,81,1406,6204
Mower 49,49193,17,7912,5242
Mower 48,2487,70,5600,2355
Mower 47,80338,29,8640,7094
Mower 46,24086,88,640,1905
Mower 45,98190,95,7486,3606
Mower 44,81228,86,8555,876
Mower 43,61769,37,6641,8125
Mower 42,62186,12,5836,3623
Mower 41,64875,36,341,8963
Mower 40,89658,76,2871,5436
Mower 39,25362,53,7935,9886
Mower 38,56925,80,2834,8248
Mower 37,37503,17,1571,6375
Mower 36,80275,42,2827,9671
Mower 35,20642,66,538,4385
Mower 34,95502,100,6717,6835
Mower 33,14826,48,4055,3397
Mower 32,81739,88,2544,3564
Mower 31,89498,76,9449,6984
Mower 30,89799,91,2165,1266
Mower 29,96536,49,7948,1263
Mower 28,87166,53,1534,2605
Mower 27,40724,10,3804,512
Mower 26,9593,70,9549,1919
Mower 25,65232,51,648,2692
Mower 24,22529,59,4536,3393
Mower 23,26630,20,8962,2591
Mower 22,27775,77,8306,1694
Mower 21,52509,3,5915,1984
Mower 20,9229,68,2484,8012
Mower 19,30515,74,2348,1697
Mower 18,34808,71,8835,6583
Mower 17,16443,55,5600,6421
Mower 16,87751,47,8668,522
Mower 15,94770,19,8262,1388
Mower 14,32618,84,5493,1129
Mower 13,73469,63,7115,1768
Mower 12,21988,87,2018,2210
Mower 11,72998,42,7676,5465
Mower 10,15368,82,7204,3354
Mower 9,94310,57,1669,4016
Mower 8,58011,49,2612,2498
Mower 7,82026,62,5198,2066
Mower 6,31206,24,552,4087
Mower 5,8232,45,7958,2184
Mower 4,64401,39,5641,7240
Mower 3,55212,66,9954,7853
Mower 2,58821,60,922,1949
Mower 1,72242,100,7308,3014
