98955
Mower 100,1000,8,1162,8161
Mower 99,1000,36,2674,8426
Mower 98,1000,56,7453,6535
Mower 97,1000,63,6033,7181
Mower 96,1000,14,132,9827
Mower 95,1000,38,4544,6366
Mower 94,1000,9,7550,1441
Mower 93,1000,32,2127,7065
Mower 92,1000,46,5514,9254
Mower 91,1000,68,4145,8753
Mower 90,1000,12,774,9620
Mower 89,1000,60,1615,336
Mower 88,1000,84,6859,2643
Mower 87,1000,79,9860,8706
Mower 86,1000,24,9443,5128
Mower 85,1000,21,9818,704
Mower 84,1000,2,2126,9516
Mower 83,1000,94,9291,1772
Mower 82,1000,16,2081,1146
Mower 81,1000,56,1732,2831
Mower 80,1000,85,4835,10044
Mower 79,1000,13,7701,4138
Mower 78,1000,45,3665,514
Mower 77,1000,36,3138,8533
Mower 76,1000,41,7441,5963
Mower 75,1000,83,4694,4409
Mower 74,1000,82,6553,6596
Mower 73,1000,49,8519,3881
Mower 72,1000,22,380,6850
Mower 71,1000,41,3388,8676
Mower 70,1000,86,123,671
Mower 69,1000,95,4480,3007
Mower 68,1000,12,3295,1821
Mower 67,1000,68,1285,8481
Mower 66,1000,20,2182,6867
Mower 65,1000,38,8493,2423
Mower 64,1000,66,9232,4640
Mower 63,1000,9,2906,9458
Mower 62,1000,77,2787,98
Mower 61,1000,81,2520,3825
Mower 60,1000,18,3213,6099
Mower 59,1000,93,6572,5537
Mower 58,1000,82,5641,6360
Mower 57,1000,15,5776,988
Mower 56,1000,61,3028,6566
Mower 55,1000,39,5844,7522
Mower 54,1000,88,9491,737
Mower 53,1000,95,3532,4508
Mower 52,1000,53,4795,5940
Mower 51,1000,46,1878,5930
Mower 50,1000,18,4352,10037
Mower 49,1000,71,9160,999
Mower 48,1000,7,8464,230
Mower 47,1000,5,9332,9889
Mower 46,1000,8,186,5079
Mower 45,1000,40,5560,5142
Mower 44,1000,55,2688,9465
Mower 43,1000,12,9659,5492
Mower 42,1000,81,4907,1888
Mower 41,1000,34,6890,7873
Mower 40,1000,52,7141,251
Mower 39,1000,79,6758,4259
Mower 38,1000,5,6916,2049
Mower 37,1000,89,5355,9581
Mower 36,1000,90,2265,5087
Mower 35,1000,66,2424,1474
Mower 34,1000,33,3580,8291
Mower 33,1000,41,1094,8577
Mower 32,1000,3,2688,8325
Mower 31,1000,92,5050,8803
Mower 30,1000,65,2088,6734
Mower 29,1000,99,5268,3181
Mower 28,1000,1,7220,2859
Mower 27,1000,26,10045,3674
Mower 26,1000,52,456,3712
Mower 25,1000,35,6270,8129
Mower 24,1000,3,5807,9078
Mower 23,1000,47,2343,4616
Mower 22,1000,39,9608,7699
Mower 21,1000,12,4445,9290
Mower 20,1000,38,1504,6088
Mower 19,1000,100,2008,4578
Mower 18,1000,92,4857,6838
Mower 17,1000,46,1364,8116
Mower 16,1000,2,2258,6839
Mower 15,1000,20,737,6651
Mower 14,1000,68,6173,4897
Mower 13,1000,9,217,7983
Mower 12,1000,64,7718,9584
Mower 11,1000,17,6797,8527
Mower 10,1000,46,7854,9944
Mower 9,1000,85,4269,4393
Mower 8,1000,57,9331,1737
Mower 7,1000,43,8562,4490
Mower 6,1000,38,6005,42
Mower 5,1000,83,5377,3340
Mower 4,1000,45,7819,4456
Mower 3,1000,80,5520,3799
Mower 2,1000,90,3475,7708
Mower 1,1000,82,6448,3054
