25770
Mower 100,1000,35,6973,3505
Mower 99,1000,7,6033,8901
Mower 98,1000,36,4451,8153
Mower 97,1000,7,3503,7588
Mower 96,1000,42,804,5848
Mower 95,1000,95,3919,4539
Mower 94,1000,36,3530,6229
Mower 93,1000,41,1030,9833
Mower 92,1000,22,2880,5900
Mower 91,1000,48,851,7487
Mower 90,1000,3,6444,1020
Mower 89,1000,19,9550,305
Mower 88,1000,80,5633,1924
Mower 87,1000,8,6767,6643
Mower 86,1000,8,5750,1355
Mower 85,1000,83,272,3838
Mower 84,1000,61,4011,2915
Mower 83,1000,92,981,7173
Mower 82,1000,87,3771,5105
Mower 81,1000,6,8595,1713
Mower 80,1000,21,2549,3819
Mower 79,1000,12,2102,9074
Mower 78,1000,78,1308,7290
Mower 77,1000,66,9713,4427
Mower 76,1000,97,6126,21
Mower 75,1000,41,2893,176
Mower 74,1000,18,1720,10047
Mower 73,1000,37,2960,4504
Mower 72,1000,54,9460,7433
Mower 71,1000,72,6315,444
Mower 70,1000,48,1461,3752
Mower 69,1000,39,2786,2426
Mower 68,1000,88,2673,8923
Mower 67,1000,26,4772,56
Mower 66,1000,47,8482,3179
Mower 65,1000,45,8565,9408
Mower 64,1000,97,394,4586
Mower 63,1000,61,7852,9060
Mower 62,1000,89,6137,4104
Mower 61,1000,85,2622,6465
Mower 60,1000,39,746,4982
Mower 59,1000,32,5890,7157
Mower 58,1000,25,8645,9890
Mower 57,1000,52,9314,5381
Mower 56,1000,14,990,6881
Mower 55,1000,17,5067,2745
Mower 54,1000,38,3114,827
Mower 53,1000,9,3342,7367
Mower 52,1000,57,7420,1340
Mower 51,1000,53,9724,1796
Mower 50,1000,82,256,140
Mower 49,1000,21,8275,7056
Mower 48,1000,72,5448,1810
Mower 47,1000,69,8793,6632
Mower 46,1000,20,1460,8140
Mower 45,1000,45,2752,4526
Mower 44,1000,3,6499,2676
Mower 43,1000,31,3821,2989
Mower 42,1000,90,7229,5085
Mower 41,1000,15,4751,4514
Mower 40,1000,83,1003,8722
Mower 39,1000,6,6308,4364
Mower 38,1000,72,1130,4791
Mower 37,1000,23,9416,9331
Mower 36,1000,46,6526,1402
Mower 35,1000,11,2126,3792
Mower 34,1000,65,215,6613
Mower 33,1000,100,6707,8228
Mower 32,1000,75,7168,5067
Mower 31,1000,85,5133,227
Mower 30,1000,47,5415,5401
Mower 29,1000,35,564,5432
Mower 28,1000,5,9957,8027
Mower 27,1000,50,5916,6010
Mower 26,1000,13,3303,5186
Mower 25,1000,60,855,7795
Mower 24,1000,86,2939,7530
Mower 23,1000,65,9000,4596
Mower 22,1000,29,6964,2048
Mower 21,1000,33,1823,5796
Mower 20,1000,56,5793,2197
Mower 19,1000,7,9467,2190
Mower 18,1000,49,3223,8743
Mower 17,1000,46,7672,5711
Mower 16,1000,94,5239,8464
Mower 15,1000,2,2996,1459
Mower 14,1000,28,7267,1136
Mower 13,1000,11,3422,4755
Mower 12,1000,76,9345,2618
Mower 11,1000,96,651,3600
Mower 10,1000,64,8425,9253
Mower 9,1000,27,5107,8202
Mower 8,1000,74,2788,7533
Mower 7,1000,14,542,1441
Mower 6,1000,36,3288,5740
Mower 5,1000,100,9284,6672
Mower 4,1000,85,4746,1099
Mower 3,1000,82,2436,4730
Mower 2,1000,43,4722,7670
Mower 1,1000,7,679,4662
