26404
Mower 100,1000,92,5101,6673
Mower 99,1000,8,4880,7675
Mower 98,1000,47,6313,7177
Mower 97,1000,83,8281,7282
Mower 96,1000,36,5592,5611
Mower 95,1000,74,304,2070
Mower 94,1000,5,2602,6291
Mower 93,1000,64,5994,9657
Mower 92,1000,61,9453,7342
Mower 91,1000,71,6825,1011
Mower 90,1000,69,4463,3749
Mower 89,1000,88,2882,4997
Mower 88,1000,16,3561,3614
Mower 87,1000,40,8988,9403
Mower 86,1000,34,8258,5214
Mower 85,1000,70,510,5796
Mower 84,1000,25,9347,9141
Mower 83,1000,4,1504,7577
Mower 82,1000,88,7571,9640
Mower 81,1000,42,2019,1152
Mower 80,1000,47,8012,8925
Mower 79,1000,93,8256,2904
Mower 78,1000,83,8213,602
Mower 77,1000,57,2686,6826
Mower 76,1000,31,9722,8356
Mower 75,1000,29,2514,2408
Mower 74,1000,7,6674,5020
Mower 73,1000,59,5074,1886
Mower 72,1000,69,9408,3553
Mower 71,1000,64,7738,9494
Mower 70,1000,100,6247,208
Mower 69,1000,52,8866,4629
Mower 68,1000,84,8308,1393
Mower 67,1000,67,7122,5942
Mower 66,1000,49,8066,726
Mower 65,1000,92,2397,3986
Mower 64,1000,21,8767,1814
Mower 63,1000,9,1743,5387
Mower 62,1000,81,8208,4178
Mower 61,1000,29,1809,1672
Mower 60,1000,14,4193,7508
Mower 59,1000,41,1172,5101
Mower 58,1000,43,5842,460
Mower 57,1000,80,1776,7980
Mower 56,1000,86,6336,1107
Mower 55,1000,97,9977,762
Mower 54,1000,8,9891,580
Mower 53,1000,59,9780,2143
Mower 52,1000,58,4160,4250
Mower 51,1000,16,7499,2538
Mower 50,1000,64,8314,5865
Mower 49,1000,92,929,6743
Mower 48,1000,87,2207,6175
Mower 47,1000,59,8582,3361
Mower 46,1000,46,4863,1468
Mower 45,1000,80,5834,64
Mower 44,1000,61,3539,739
Mower 43,1000,78,97,1101
Mower 42,1000,28,3692,9060
Mower 41,1000,77,5184,3751
Mower 40,1000,53,9659,9220
Mower 39,1000,90,414,6769
Mower 38,1000,12,2598,1043
Mower 37,1000,9,7734,7607
Mower 36,1000,18,6263,1791
Mower 35,1000,34,4739,1127
Mower 34,1000,41,3110,9499
Mower 33,1000,53,4176,814
Mower 32,1000,14,5096,9572
Mower 31,1000,15,2444,6851
Mower 30,1000,83,5815,9980
Mower 29,1000,95,1500,9172
Mower 28,1000,90,6953,4186
Mower 27,1000,1,6793,5180
Mower 26,1000,18,5111,627
Mower 25,1000,99,9749,1747
Mower 24,1000,74,1385,4291
Mower 23,1000,2,2072,1659
Mower 22,1000,10,2648,8760
Mower 21,1000,8,5904,3227
Mower 20,1000,27,1770,4232
Mower 19,1000,25,1891,7098
Mower 18,1000,85,9997,3731
Mower 17,1000,79,6426,2489
Mower 16,1000,69,8747,6681
Mower 15,1000,23,5035,7316
Mower 14,1000,14,3370,4215
Mower 13,1000,24,4896,5634
Mower 12,1000,44,7694,7812
Mower 11,1000,62,3890,8585
Mower 10,1000,42,5073,7321
Mower 9,1000,23,6923,4357
Mower 8,1000,49,5153,367
Mower 7,1000,76,8775,978
Mower 6,1000,78,3044,4581
Mower 5,1000,42,1375,6580
Mower 4,1000,57,7717,6763
Mower 3,1000,22,9887,9627
Mower 2,1000,13,6107,6916
Mower 1,1000,81,4992,4878
