24634
Mower 100,1000,1,6842,5499
Mower 99,1000,21,9585,2644
Mower 98,1000,14,7433,4236
Mower 97,1000,80,5312,3540
Mower 96,1000,94,3472,8365
Mower 95,1000,65,8890,3491
Mower 94,1000,71,5673,6266
Mower 93,1000,64,6890,7794
Mower 92,1000,46,2646,2575
Mower 91,1000,43,5466,10059
Mower 90,1000,64,5152,2813
Mower 89,1000,10,6448,9518
Mower 88,1000,22,4214,9287
Mower 87,1000,7,3746,4113
Mower 86,1000,63,1125,4171
Mower 85,1000,55,7269,2664
Mower 84,1000,57,6734,3663
Mower 83,1000,65,5386,7286
Mower 82,1000,9,3078,1191
Mower 81,1000,86,3274,7067
Mower 80,1000,65,7251,2572
Mower 79,1000,67,6268,6975
Mower 78,1000,3,2389,9308
Mower 77,1000,48,2757,5411
Mower 76,1000,53,6060,9322
Mower 75,1000,57,5764,825
Mower 74,1000,35,1403,9042
Mower 73,1000,75,9137,4555
Mower 72,1000,67,4032,442
Mower 71,1000,93,9966,8321
Mower 70,1000,36,6072,8019
Mower 69,1000,4,2265,754
Mower 68,1000,88,1674,8005
Mower 67,1000,91,9011,2432
Mower 66,1000,45,2688,464
Mower 65,1000,71,945,8893
Mower 64,1000,63,2618,8868
Mower 63,1000,13,739,9137
Mower 62,1000,48,3118,816
Mower 61,1000,53,4368,6131
Mower 60,1000,20,2532,9278
Mower 59,1000,17,2772,1277
Mower 58,1000,3,8880,7408
Mower 57,1000,83,3079,9251
Mower 56,1000,55,3253,8872
Mower 55,1000,8,8903,8302
Mower 54,1000,14,9720,4068
Mower 53,1000,2,7567,7263
Mower 52,1000,42,8656,2396
Mower 51,1000,11,6908,6994
Mower 50,1000,86,6433,4586
Mower 49,1000,43,8709,3183
Mower 48,1000,80,9317,6155
Mower 47,1000,54,9159,9200
Mower 46,1000,50,4698,7121
Mower 45,1000,99,778,3403
Mower 44,1000,26,3447,6622
Mower 43,1000,34,3882,4947
Mower 42,1000,77,6463,2225
Mower 41,1000,38,2179,6033
Mower 40,1000,91,7920,445
Mower 39,1000,89,9790,8995
Mower 38,1000,68,8382,583
Mower 37,1000,77,1783,6047
Mower 36,1000,26,1818,8001
Mower 35,1000,53,1378,3297
Mower 34,1000,52,1140,8257
Mower 33,1000,71,852,5241
Mower 32,1000,27,2179,2439
Mower 31,1000,66,1891,8836
Mower 30,1000,21,367,3074
Mower 29,1000,33,931,1019
Mower 28,1000,63,4823,6808
Mower 27,1000,76,1532,901
Mower 26,1000,74,1563,2241
Mower 25,1000,71,7506,6591
Mower 24,1000,8,2841,951
Mower 23,1000,100,3850,8221
Mower 22,1000,65,3577,7751
Mower 21,1000,54,10060,1061
Mower 20,1000,76,9071,4478
Mower 19,1000,12,9269,6105
Mower 18,1000,70,5835,545
Mower 17,1000,42,7811,1224
Mower 16,1000,84,7599,6045
Mower 15,1000,78,9734,6207
Mower 14,1000,35,5763,883
Mower 13,1000,21,2364,8068
Mower 12,1000,98,703,5736
Mower 11,1000,32,2192,5181
Mower 10,1000,18,3381,3670
Mower 9,1000,77,4456,8842
Mower 8,1000,10,5222,7649
Mower 7,1000,26,2049,7480
Mower 6,1000,41,9340,1854
Mower 5,1000,83,984,3305
Mower 4,1000,58,5627,4269
Mower 3,1000,27,3222,5612
Mower 2,1000,26,8943,6290
Mower 1,1000,48,9397,4165
