67947
Mower 100,1000,63,785,7197
Mower 99,1000,75,3092,3096
Mower 98,1000,7,8539,1284
Mower 97,1000,64,2940,2562
Mower 96,1000,36,830,1987
Mower 95,1000,88,8545,8847
Mower 94,1000,25,5998,1168
Mower 93,1000,16,4349,1373
Mower 92,1000,5,3181,2160
Mower 91,1000,60,9273,9533
Mower 90,1000,1,8095,6816
Mower 89,1000,25,7833,2344
Mower 88,1000,55,3266,2804
Mower 87,1000,100,8625,1149
Mower 86,1000,16,2989,2346
Mower 85,1000,64,5727,8927
Mower 84,1000,34,9912,9395
Mower 83,1000,91,6096,9482
Mower 82,1000,70,2165,506
Mower 81,1000,63,2212,3434
Mower 80,1000,53,9425,9029
Mower 79,1000,11,6244,6017
Mower 78,1000,3,2704,8260
Mower 77,1000,62,1321,7697
Mower 76,1000,27,7422,2926
Mower 75,1000,39,9145,8201
Mower 74,1000,19,2812,1232
Mower 73,1000,12,8882,1198
Mower 72,1000,55,5777,4481
Mower 71,1000,13,2892,4778
Mower 70,1000,91,6580,7200
Mower 69,1000,41,3142,7348
Mower 68,1000,9,132,2094
Mower 67,1000,29,4277,360
Mower 66,1000,77,10042,3100
Mower 65,1000,77,4615,4640
Mower 64,1000,1,1292,281
Mower 63,1000,67,3999,4125
Mower 62,1000,81,1984,5057
Mower 61,1000,78,5174,3318
Mower 60,1000,24,6989,2246
Mower 59,1000,62,9717,3605
Mower 58,1000,1,5014,5853
Mower 57,1000,64,3332,6167
Mower 56,1000,29,1331,8473
Mower 55,1000,68,9033,7614
Mower 54,1000,28,3170,8441
Mower 53,1000,4,9458,2047
Mower 52,1000,87,9966,6182
Mower 51,1000,7,7431,8737
Mower 50,1000,75,5086,7462
Mower 49,1000,17,6975,1749
Mower 48,1000,79,9491,595
Mower 47,1000,79,2278,725
Mower 46,1000,91,1862,3776
Mower 45,1000,57,9637,3368
Mower 44,1000,70,5900,5700
Mower 43,1000,18,9315,3870
Mower 42,1000,70,6029,6490
Mower 41,1000,68,1788,4457
Mower 40,1000,15,8831,5633
Mower 39,1000,23,5849,5586
Mower 38,1000,57,1002,9543
Mower 37,1000,91,4469,2077
Mower 36,1000,46,4747,6820
Mower 35,1000,20,8952,4158
Mower 34,1000,98,4548,84
Mower 33,1000,68,8985,2331
Mower 32,1000,46,1666,5540
Mower 31,1000,97,7375,7973
Mower 30,1000,40,6533,3281
Mower 29,1000,96,1295,3954
Mower 28,1000,34,7321,6887
Mower 27,1000,33,5887,5541
Mower 26,1000,27,1989,6771
Mower 25,1000,45,3861,5875
Mower 24,1000,98,9657,1775
Mower 23,1000,82,899,7427
Mower 22,1000,32,5525,4847
Mower 21,1000,43,8045,448
Mower 20,1000,93,9035,7212
Mower 19,1000,92,1688,1108
Mower 18,1000,13,1667,3045
Mower 17,1000,29,1508,7398
Mower 16,1000,82,6712,7682
Mower 15,1000,85,7932,6319
Mower 14,1000,46,4390,9993
Mower 13,1000,11,4550,8500
Mower 12,1000,15,4634,3607
Mower 11,1000,33,1726,7158
Mower 10,1000,14,2730,717
Mower 9,1000,15,8182,4697
Mower 8,1000,17,3391,3066
Mower 7,1000,47,2481,5308
Mower 6,1000,44,8511,5332
Mower 5,1000,88,1998,4103
Mower 4,1000,77,8703,8854
Mower 3,1000,29,6700,8861
Mower 2,1000,20,5033,2575
Mower 1,1000,56,5212,1108
