22160
Mower 100,1000,67,1661,4056
Mower 99,1000,89,5543,1612
Mower 98,1000,46,2752,3399
Mower 97,1000,35,4537,9962
Mower 96,1000,59,9986,3316
Mower 95,1000,94,9362,9344
Mower 94,1000,14,3814,40
Mower 93,1000,64,5697,7936
Mower 92,1000,58,3205,52
Mower 91,1000,46,8058,6195
Mower 90,1000,65,4713,6114
Mower 89,1000,63,247,928
Mower 88,1000,43,5642,8809
Mower 87,1000,100,9134,3337
Mower 86,1000,13,7895,1762
Mower 85,1000,89,2810,1534
Mower 84,1000,88,2812,3477
Mower 83,1000,53,6984,4930
Mower 82,1000,39,7573,5859
Mower 81,1000,75,6087,1149
Mower 80,1000,87,6904,8382
Mower 79,1000,11,9704,5035
Mower 78,1000,94,4526,7345
Mower 77,1000,93,5372,1830
Mower 76,1000,90,3330,2741
Mower 75,1000,28,5300,3751
Mower 74,1000,42,9514,6053
Mower 73,1000,48,7517,614
Mower 72,1000,64,6033,6510
Mower 71,1000,11,3650,4295
Mower 70,1000,3,8418,5357
Mower 69,1000,92,5774,6707
Mower 68,1000,73,8135,8680
Mower 67,1000,93,2162,2766
Mower 66,1000,90,2885,3801
Mower 65,1000,5,3055,3700
Mower 64,1000,35,7048,9321
Mower 63,1000,52,7566,3082
Mower 62,1000,81,6553,2205
Mower 61,1000,84,4655,8620
Mower 60,1000,3,1499,600
Mower 59,1000,39,8224,5787
Mower 58,1000,2,9252,2765
Mower 57,1000,38,4872,936
Mower 56,1000,83,8061,4431
Mower 55,1000,45,4749,2500
Mower 54,1000,16,3374,3954
Mower 53,1000,69,6467,1805
Mower 52,1000,39,324,6152
Mower 51,1000,51,161,914
Mower 50,1000,32,6468,1783
Mower 49,1000,5,909,4964
Mower 48,1000,2,8525,9858
Mower 47,1000,93,4490,9308
Mower 46,1000,3,9756,3523
Mower 45,1000,72,4901,7652
Mower 44,1000,68,1094,10048
Mower 43,1000,17,4016,4508
Mower 42,1000,34,5937,7461
Mower 41,1000,72,2882,5282
Mower 40,1000,65,1371,2499
Mower 39,1000,64,9185,7236
Mower 38,1000,78,4539,5238
Mower 37,1000,15,5577,3302
Mower 36,1000,57,9491,342
Mower 35,1000,63,9941,1295
Mower 34,1000,93,3336,2771
Mower 33,1000,32,2809,7350
Mower 32,1000,64,9894,659
Mower 31,1000,37,5990,7297
Mower 30,1000,26,6858,9426
Mower 29,1000,87,8625,9031
Mower 28,1000,71,6067,2477
Mower 27,1000,48,9136,7374
Mower 26,1000,91,5172,3207
Mower 25,1000,38,4419,5625
Mower 24,1000,49,6020,1867
Mower 23,1000,52,8460,6920
Mower 22,1000,23,157,1807
Mower 21,1000,34,4031,1830
Mower 20,1000,66,1146,9262
Mower 19,1000,16,6612,1376
Mower 18,1000,15,4231,4924
Mower 17,1000,56,6506,8877
Mower 16,1000,44,4615,8950
Mower 15,1000,85,9912,353
Mower 14,1000,46,7519,8945
Mower 13,1000,54,8937,3901
Mower 12,1000,7,9433,2368
Mower 11,1000,10,9192,9285
Mower 10,1000,74,8518,5530
Mower 9,1000,26,2569,3036
Mower 8,1000,52,1413,140
Mower 7,1000,14,3025,481
Mower 6,1000,1,34,1773
Mower 5,1000,8,6426,1891
Mower 4,1000,7,5365,1898
Mower 3,1000,13,5047,5216
Mower 2,1000,22,5502,5536
Mower 1,1000,87,9291,4186
