84251
Mower 100,1000,39,758,6568
Mower 99,1000,3,1904,5900
Mower 98,1000,44,5740,3723
Mower 97,1000,59,6842,4009
Mower 96,1000,79,4657,7446
Mower 95,1000,98,8081,2443
Mower 94,1000,98,2828,7464
Mower 93,1000,3,1967,2240
Mower 92,1000,45,3050,6406
Mower 91,1000,10,9001,9579
Mower 90,1000,11,5716,8503
Mower 89,1000,7,1459,6296
Mower 88,1000,80,8848,7795
Mower 87,1000,86,612,4062
Mower 86,1000,53,1663,9921
Mower 85,1000,81,2651,8802
Mower 84,1000,75,1399,8706
Mower 83,1000,99,385,5188
Mower 82,1000,70,4393,464
Mower 81,1000,77,9231,6211
Mower 80,1000,76,9134,8348
Mower 79,1000,40,1836,4757
Mower 78,1000,37,1466,8036
Mower 77,1000,19,8278,2071
Mower 76,1000,53,7933,4193
Mower 75,1000,39,790,1039
Mower 74,1000,5,6982,1833
Mower 73,1000,10,382,7697
Mower 72,1000,64,1006,6380
Mower 71,1000,25,6498,9414
Mower 70,1000,80,9461,2729
Mower 69,1000,57,7633,1640
Mower 68,1000,15,897,9666
Mower 67,1000,88,7077,6629
Mower 66,1000,45,8560,9157
Mower 65,1000,35,4454,3701
Mower 64,1000,53,9316,10001
Mower 63,1000,70,3366,7102
Mower 62,1000,37,391,2562
Mower 61,1000,16,2058,2508
Mower 60,1000,55,9758,448
Mower 59,1000,9,7800,7971
Mower 58,1000,57,1878,8667
Mower 57,1000,26,8914,9830
Mower 56,1000,27,8363,4885
Mower 55,1000,21,4313,499
Mower 54,1000,100,1245,1768
Mower 53,1000,68,5189,2612
Mower 52,1000,98,5929,3555
Mower 51,1000,18,6342,6535
Mower 50,1000,27,3711,8758
Mower 49,1000,35,6681,271
Mower 48,1000,69,6348,4825
Mower 47,1000,49,1660,6315
Mower 46,1000,8,5826,9737
Mower 45,1000,42,890,4564
Mower 44,1000,75,9683,8890
Mower 43,1000,45,8574,2341
Mower 42,1000,43,638,868
Mower 41,1000,42,7660,5007
Mower 40,1000,23,9503,1366
Mower 39,1000,56,8300,6308
Mower 38,1000,33,5366,3303
Mower 37,1000,60,1755,5954
Mower 36,1000,54,7246,7898
Mower 35,1000,85,6039,5652
Mower 34,1000,69,7299,6342
Mower 33,1000,76,8698,5273
Mower 32,1000,64,4948,212
Mower 31,1000,61,1613,8202
Mower 30,1000,24,6226,7555
Mower 29,1000,35,395,3419
Mower 28,1000,100,5207,8499
Mower 27,1000,77,6574,600
Mower 26,1000,7,188,8167
Mower 25,1000,48,3097,9947
Mower 24,1000,70,1182,946
Mower 23,1000,50,5686,4385
Mower 22,1000,25,2093,1898
Mower 21,1000,20,4999,2416
Mower 20,1000,74,8691,2816
Mower 19,1000,35,3780,3512
Mower 18,1000,92,7685,3128
Mower 17,1000,69,6033,500
Mower 16,1000,52,4774,6544
Mower 15,1000,81,4701,3050
Mower 14,1000,66,3364,8326
Mower 13,1000,39,6121,4042
Mower 12,1000,16,8761,7348
Mower 11,1000,97,2533,1891
Mower 10,1000,69,8903,258
Mower 9,1000,3,8418,2597
Mower 8,1000,92,1970,2474
Mower 7,1000,84,6293,2791
Mower 6,1000,83,6529,4203
Mower 5,1000,97,9384,2409
Mower 4,1000,64,5509,9481
Mower 3,1000,50,674,9349
Mower 2,1000,10,4668,4726
Mower 1,1000,42,1743,2077
