97270
Mower 100,1000,20,6384,1675
Mower 99,1000,40,3327,4023
Mower 98,1000,5,3887,1263
Mower 97,1000,47,2779,6145
Mower 96,1000,8,6295,4670
Mower 95,1000,29,3365,6529
Mower 94,1000,54,4532,7553
Mower 93,1000,7,5026,1334
Mower 92,1000,8,9013,7764
Mower 91,1000,80,2425,1422
Mower 90,1000,13,744,5428
Mower 89,1000,68,5595,6602
Mower 88,1000,66,9284,1912
Mower 87,1000,2,5952,6656
Mower 86,1000,26,7487,6014
Mower 85,1000,66,3481,3863
Mower 84,1000,14,4457,1475
Mower 83,1000,97,690,3339
Mower 82,1000,41,10048,556
Mower 81,1000,75,8448,6518
Mower 80,1000,86,8915,1427
Mower 79,1000,68,3391,255
Mower 78,1000,60,686,3580
Mower 77,1000,50,5803,8967
Mower 76,1000,54,1742,2216
Mower 75,1000,30,2743,9112
Mower 74,1000,82,8901,8474
Mower 73,1000,31,9831,8639
Mower 72,1000,40,6169,2157
Mower 71,1000,44,2551,7661
Mower 70,1000,20,3797,8821
Mower 69,1000,54,9501,267
Mower 68,1000,22,9512,9842
Mower 67,1000,16,5738,3926
Mower 66,1000,45,1841,9101
Mower 65,1000,2,7996,4687
Mower 64,1000,41,7607,4201
Mower 63,1000,32,5670,6188
Mower 62,1000,42,4707,328
Mower 61,1000,36,8243,1070
Mower 60,1000,45,1128,1649
Mower 59,1000,62,5540,2735
Mower 58,1000,79,3733,6789
Mower 57,1000,98,5825,9554
Mower 56,1000,81,586,7862
Mower 55,1000,64,82,2398
Mower 54,1000,5,2962,5593
Mower 53,1000,45,1705,1324
Mower 52,1000,75,6776,4761
Mower 51,1000,77,2059,7987
Mower 50,1000,28,7976,2048
Mower 49,1000,61,7367,2312
Mower 48,1000,8,9993,6020
Mower 47,1000,11,9030,4021
Mower 46,1000,40,6036,85
Mower 45,1000,86,6773,9256
Mower 44,1000,93,4539,710
Mower 43,1000,87,3679,4339
Mower 42,1000,45,5796,2107
Mower 41,1000,41,2025,6461
Mower 40,1000,64,7123,2617
Mower 39,1000,37,3547,1224
Mower 38,1000,96,6269,4363
Mower 37,1000,1,7583,7575
Mower 36,1000,10,254,4399
Mower 35,1000,23,907,8905
Mower 34,1000,25,6968,4505
Mower 33,1000,61,2790,14
Mower 32,1000,12,5455,5421
Mower 31,1000,53,6360,8790
Mower 30,1000,28,5502,6862
Mower 29,1000,74,5590,4885
Mower 28,1000,63,3202,5859
Mower 27,1000,54,8370,3217
Mower 26,1000,94,8452,7509
Mower 25,1000,97,1497,1342
Mower 24,1000,66,8356,7175
Mower 23,1000,97,8112,8888
Mower 22,1000,73,3207,7128
Mower 21,1000,36,4425,1063
Mower 20,1000,96,8573,8151
Mower 19,1000,47,1615,339
Mower 18,1000,83,997,7529
Mower 17,1000,78,7394,6656
Mower 16,1000,7,8774,3641
Mower 15,1000,85,314,7342
Mower 14,1000,46,7746,9220
Mower 13,1000,41,2451,7460
Mower 12,1000,73,851,4656
Mower 11,1000,40,7710,4072
Mower 10,1000,2,7415,193
Mower 9,1000,48,3890,6453
Mower 8,1000,77,7258,8965
Mower 7,1000,13,59,818
Mower 6,1000,34,4260,9016
Mower 5,1000,51,9944,2373
Mower 4,1000,33,8574,9166
Mower 3,1000,12,1269,7199
Mower 2,1000,97,9554,4954
Mower 1,1000,13,5409,2618
