25721
Mower 100,1000,67,3286,9674
Mower 99,1000,47,4191,7748
Mower 98,1000,13,9866,9281
Mower 97,1000,83,2075,3269
Mower 96,1000,32,7353,1743
Mower 95,1000,51,2911,7051
Mower 94,1000,24,9609,156
Mower 93,1000,82,3403,6066
Mower 92,1000,26,4940,7003
Mower 91,1000,45,54,441
Mower 90,1000,67,1327,886
Mower 89,1000,12,4509,9872
Mower 88,1000,69,9342,6867
Mower 87,1000,50,10011,684
Mower 86,1000,59,1231,5572
Mower 85,1000,77,6585,2719
Mower 84,1000,88,9835,9275
Mower 83,1000,17,2951,4079
Mower 82,1000,86,9369,5482
Mower 81,1000,73,1743,179
Mower 80,1000,81,8819,483
Mower 79,1000,100,2850,5027
Mower 78,1000,44,9915,9548
Mower 77,1000,48,6436,6415
Mower 76,1000,91,4971,9340
Mower 75,1000,59,6686,9155
Mower 74,1000,63,9699,4052
Mower 73,1000,24,7638,7121
Mower 72,1000,10,3788,1385
Mower 71,1000,35,1665,4220
Mower 70,1000,21,1431,3793
Mower 69,1000,5,3257,1396
Mower 68,1000,98,5045,7786
Mower 67,1000,2,2940,9675
Mower 66,1000,37,5783,2993
Mower 65,1000,83,4478,2413
Mower 64,1000,13,10037,102
Mower 63,1000,87,2385,9654
Mower 62,1000,32,4997,5616
Mower 61,1000,22,890,384
Mower 60,1000,23,7960,5579
Mower 59,1000,93,5088,7601
Mower 58,1000,23,2288,3585
Mower 57,1000,5,1663,1146
Mower 56,1000,65,7195,611
Mower 55,1000,95,4958,5926
Mower 54,1000,10,10069,2497
Mower 53,1000,51,6663,2658
Mower 52,1000,90,1151,10045
Mower 51,1000,7,1296,1072
Mower 50,1000,63,6691,4150
Mower 49,1000,41,5780,8355
Mower 48,1000,30,1209,7350
Mower 47,1000,56,1388,655
Mower 46,1000,71,4912,9706
Mower 45,1000,69,1403,6301
Mower 44,1000,34,9809,3927
Mower 43,1000,43,399,3833
Mower 42,1000,7,305,967
Mower 41,1000,78,9909,460
Mower 40,1000,77,8007,8736
Mower 39,1000,79,4071,2059
Mower 38,1000,75,8248,200
Mower 37,1000,78,9507,2176
Mower 36,1000,97,9026,4536
Mower 35,1000,31,6546,1396
Mower 34,1000,29,9487,1593
Mower 33,1000,58,7335,6374
Mower 32,1000,27,7205,641
Mower 31,1000,41,4904,3467
Mower 30,1000,6,2453,3217
Mower 29,1000,85,1924,40
Mower 28,1000,66,5488,7780
Mower 27,1000,27,3555,3827
Mower 26,1000,80,6764,9047
Mower 25,1000,11,6306,4723
Mower 24,1000,52,3301,3910
Mower 23,1000,22,779,6730
Mower 22,1000,85,529,5700
Mower 21,1000,43,263,4287
Mower 20,1000,92,3422,4163
Mower 19,1000,93,6190,6666
Mower 18,1000,92,1185,882
Mower 17,1000,13,1246,4232
Mower 16,1000,99,1075,3805
Mower 15,1000,72,2285,7541
Mower 14,1000,87,5180,2925
Mower 13,1000,73,9072,6552
Mower 12,1000,17,6541,5751
Mower 11,1000,82,7246,1410
Mower 10,1000,97,5126,6664
Mower 9,1000,12,64,3435
Mower 8,1000,81,632,1615
Mower 7,1000,3,8208,6998
Mower 6,1000,47,6717,6997
Mower 5,1000,66,7211,4705
Mower 4,1000,6,8687,4114
Mower 3,1000,48,834,1109
Mower 2,1000,44,3098,9355
Mower 1,1000,11,8879,524
