43011
Mower 100,1000,20,6571,9383
Mower 99,1000,51,6679,1796
Mower 98,1000,8,3472,5373
Mower 97,1000,58,1945,2886
Mower 96,1000,69,3484,8411
Mower 95,1000,34,2143,2153
Mower 94,1000,5,2712,8051
Mower 93,1000,60,1280,2239
Mower 92,1000,57,337,10001
Mower 91,1000,43,6608,8901
Mower 90,1000,9,2519,9993
Mower 89,1000,20,9833,2769
Mower 88,1000,50,4575,5722
Mower 87,1000,99,8745,8850
Mower 86,1000,17,2077,6450
Mower 85,1000,75,5150,1887
Mower 84,1000,13,3470,364
Mower 83,1000,29,1757,8766
Mower 82,1000,11,8879,2110
Mower 81,1000,97,2730,5581
Mower 80,1000,36,6602,6830
Mower 79,1000,90,5405,4422
Mower 78,1000,38,7315,2370
Mower 77,1000,49,7027,2275
Mower 76,1000,87,6718,5870
Mower 75,1000,8,5662,7875
Mower 74,1000,54,4235,3970
Mower 73,1000,21,5016,3896
Mower 72,1000,61,7759,6472
Mower 71,1000,49,4834,4534
Mower 70,1000,69,807,7986
Mower 69,1000,83,5267,2617
Mower 68,1000,32,8553,2910
Mower 67,1000,5,7588,648
Mower 66,1000,73,6677,2604
Mower 65,1000,10,1814,3848
Mower 64,1000,57,2153,7532
Mower 63,1000,40,928,6611
Mower 62,1000,69,2366,6760
Mower 61,1000,11,1169,5080
Mower 60,1000,57,9812,2839
Mower 59,1000,68,9023,6740
Mower 58,1000,73,5481,2786
Mower 57,1000,22,6890,5536
Mower 56,1000,65,6146,4814
Mower 55,1000,36,7993,875
Mower 54,1000,37,4392,430
Mower 53,1000,1,5589,2995
Mower 52,1000,78,1095,7033
Mower 51,1000,3,4002,7099
Mower 50,1000,35,5016,7796
Mower 49,1000,56,4394,8791
Mower 48,1000,3,6826,6452
Mower 47,1000,20,9864,2330
Mower 46,1000,100,8053,5314
Mower 45,1000,16,3917,9797
Mower 44,1000,20,5214,3744
Mower 43,1000,78,6273,4890
Mower 42,1000,24,511,7725
Mower 41,1000,40,2356,5266
Mower 40,1000,64,9914,5727
Mower 39,1000,100,7099,1880
Mower 38,1000,54,4785,8644
Mower 37,1000,28,1290,1969
Mower 36,1000,79,5335,4148
Mower 35,1000,65,4718,4046
Mower 34,1000,64,1300,4931
Mower 33,1000,58,6401,8593
Mower 32,1000,71,4988,2220
Mower 31,1000,95,7748,7693
Mower 30,1000,11,556,3119
Mower 29,1000,36,1843,9714
Mower 28,1000,69,7309,6882
Mower 27,1000,26,422,3285
Mower 26,1000,68,9165,6917
Mower 25,1000,18,1438,3417
Mower 24,1000,2,7944,5199
Mower 23,1000,35,4435,6899
Mower 22,1000,61,7895,4072
Mower 21,1000,8,3476,6256
Mower 20,1000,45,3857,329
Mower 19,1000,2,364,1574
Mower 18,1000,55,6604,7927
Mower 17,1000,40,7525,9489
Mower 16,1000,70,5591,3608
Mower 15,1000,3,3216,6249
Mower 14,1000,13,5388,6705
Mower 13,1000,52,4996,7137
Mower 12,1000,14,6305,306
Mower 11,1000,29,4099,1308
Mower 10,1000,24,9484,1477
Mower 9,1000,27,8005,8754
Mower 8,1000,2,1584,2783
Mower 7,1000,51,6300,5102
Mower 6,1000,54,2541,522
Mower 5,1000,64,4032,393
Mower 4,1000,83,2104,663
Mower 3,1000,57,3020,9555
Mower 2,1000,43,7581,9639
Mower 1,1000,50,7581,3300
